1111
2111
3111
4111
1112
2112
3112
4112
1113
2113
3113
4113
1114
2114
3114
1121
2121
3121
4121
1122
2122
3122
4122
1123
2123
3123
4123
1124
2124
3124
1131
2131
3131
4131
1132
2132
3132
4132
1133
2133
1134
2134
1141
2141
3141
1142
2142
3142
1143
2143
1211
2211
3211
4211
1212
2212
3212
4212
1213
2213
3213
4213
1214
2214
3214
1221
2221
3221
4221
1222
1223
1224
1231
2231
3231
4231
1232
1233
1234
1241
2241
3241
1242
1243
1311
2311
3311
4311
1312
2312
3312
4312
1313
2313
1314
2314
1321
2321
3321
4321
1322
1323
1324
1331
2331
1332
1341
2341
1342
1411
2411
3411
1412
2412
3412
1413
2413
1421
2421
3421
1422
1423
1431
2431
1432
