11111
11112
11113
11114
11115
11121
11122
11123
11124
11125
11131
11132
11133
11134
11135
11141
11142
11143
11144
11145
11151
11152
11153
11154
11211
11212
11213
11214
11215
11221
11222
11223
11224
11225
11231
11232
11233
11234
11235
11241
11242
11243
11244
11245
11251
11252
11253
11254
11311
11312
11313
11314
11315
11321
11322
11323
11324
11325
11331
11332
11333
11334
11335
11341
11342
11343
11344
11345
11351
11352
11353
11354
11411
11412
11413
11414
11415
11421
11422
11423
11424
11425
11431
11432
11433
11434
11435
11441
11442
11443
11451
11452
11453
11511
11512
11513
11514
11521
11522
11523
11524
11531
11532
11533
11534
11541
11542
11543
12111
12112
12113
12114
12115
12121
12122
12123
12124
12125
12131
12132
12133
12134
12135
12141
12142
12143
12144
12145
12151
12152
12153
12154
12211
12212
12213
12214
12215
12221
12222
12223
12224
12225
12231
12232
12233
12234
12235
12241
12242
12243
12244
12245
12251
12252
12253
12254
12311
12312
12313
12314
12315
12321
12322
12323
12324
12325
12331
12332
12333
12334
12335
12341
12342
12343
12344
12345
12351
12352
12353
12354
12411
12412
12413
12414
12415
12421
12422
12423
12424
12425
12431
12432
12433
12434
12435
12441
12442
12443
12451
12452
12453
12511
12512
12513
12514
12521
12522
12523
12524
12531
12532
12533
12534
12541
12542
12543
13111
13112
13113
13114
13115
13121
13122
13123
13124
13125
13131
13132
13133
13134
13135
13141
13142
13143
13144
13145
13151
13152
13153
13154
13211
13212
13213
13214
13215
13221
13222
13223
13224
13225
13231
13232
13233
13234
13235
13241
13242
13243
13244
13245
13251
13252
13253
13254
13311
13312
13313
13314
13315
13321
13322
13323
13324
13325
13331
13332
13341
13342
13351
13352
13411
13412
13413
13414
13415
13421
13422
13423
13424
13425
13431
13432
13441
13442
13451
13452
13511
13512
13513
13514
13521
13522
13523
13524
13531
13532
13541
13542
14111
14112
14113
14114
14115
14121
14122
14123
14124
14125
14131
14132
14133
14134
14135
14141
14142
14143
14151
14152
14153
14211
14212
14213
14214
14215
14221
14222
14223
14224
14225
14231
14232
14233
14234
14235
14241
14242
14243
14251
14252
14253
14311
14312
14313
14314
14315
14321
14322
14323
14324
14325
14331
14332
14341
14342
14351
14352
14411
14412
14413
14421
14422
14423
14431
14432
14511
14512
14513
14521
14522
14523
14531
14532
15111
15112
15113
15114
15121
15122
15123
15124
15131
15132
15133
15134
15141
15142
15143
15211
15212
15213
15214
15221
15222
15223
15224
15231
15232
15233
15234
15241
15242
15243
15311
15312
15313
15314
15321
15322
15323
15324
15331
15332
15341
15342
15411
15412
15413
15421
15422
15423
15431
15432
21111
21112
21113
21114
21115
21121
21122
21123
21124
21125
21131
21132
21133
21134
21135
21141
21142
21143
21144
21145
21151
21152
21153
21154
21211
21212
21213
21214
21215
21221
21222
21223
21224
21225
21231
21232
21233
21234
21235
21241
21242
21243
21244
21245
21251
21252
21253
21254
21311
21312
21313
21314
21315
21321
21322
21323
21324
21325
21331
21332
21333
21334
21335
21341
21342
21343
21344
21345
21351
21352
21353
21354
21411
21412
21413
21414
21415
21421
21422
21423
21424
21425
21431
21432
21433
21434
21435
21441
21442
21443
21451
21452
21453
21511
21512
21513
21514
21521
21522
21523
21524
21531
21532
21533
21534
21541
21542
21543
22111
22112
22113
22114
22115
22121
22122
22123
22124
22125
22131
22132
22133
22134
22135
22141
22142
22143
22144
22145
22151
22152
22153
22154
22211
22212
22213
22214
22215
22221
22231
22241
22251
22311
22312
22313
22314
22315
22321
22331
22341
22351
22411
22412
22413
22414
22415
22421
22431
22441
22451
22511
22512
22513
22514
22521
22531
22541
23111
23112
23113
23114
23115
23121
23122
23123
23124
23125
23131
23132
23133
23134
23135
23141
23142
23143
23144
23145
23151
23152
23153
23154
23211
23212
23213
23214
23215
23221
23231
23241
23251
23311
23312
23313
23314
23315
23321
23331
23341
23351
23411
23412
23413
23414
23415
23421
23431
23441
23451
23511
23512
23513
23514
23521
23531
23541
24111
24112
24113
24114
24115
24121
24122
24123
24124
24125
24131
24132
24133
24134
24135
24141
24142
24143
24151
24152
24153
24211
24212
24213
24214
24215
24221
24231
24241
24251
24311
24312
24313
24314
24315
24321
24331
24341
24351
24411
24412
24413
24421
24431
24511
24512
24513
24521
24531
25111
25112
25113
25114
25121
25122
25123
25124
25131
25132
25133
25134
25141
25142
25143
25211
25212
25213
25214
25221
25231
25241
25311
25312
25313
25314
25321
25331
25341
25411
25412
25413
25421
25431
31111
31112
31113
31114
31115
31121
31122
31123
31124
31125
31131
31132
31133
31134
31135
31141
31142
31143
31144
31145
31151
31152
31153
31154
31211
31212
31213
31214
31215
31221
31222
31223
31224
31225
31231
31232
31233
31234
31235
31241
31242
31243
31244
31245
31251
31252
31253
31254
31311
31312
31313
31314
31315
31321
31322
31323
31324
31325
31331
31332
31341
31342
31351
31352
31411
31412
31413
31414
31415
31421
31422
31423
31424
31425
31431
31432
31441
31442
31451
31452
31511
31512
31513
31514
31521
31522
31523
31524
31531
31532
31541
31542
32111
32112
32113
32114
32115
32121
32122
32123
32124
32125
32131
32132
32133
32134
32135
32141
32142
32143
32144
32145
32151
32152
32153
32154
32211
32212
32213
32214
32215
32221
32231
32241
32251
32311
32312
32313
32314
32315
32321
32331
32341
32351
32411
32412
32413
32414
32415
32421
32431
32441
32451
32511
32512
32513
32514
32521
32531
32541
33111
33112
33113
33114
33115
33121
33122
33123
33124
33125
33131
33132
33141
33142
33151
33152
33211
33212
33213
33214
33215
33221
33231
33241
33251
33311
33312
33321
33411
33412
33421
33511
33512
33521
34111
34112
34113
34114
34115
34121
34122
34123
34124
34125
34131
34132
34141
34142
34151
34152
34211
34212
34213
34214
34215
34221
34231
34241
34251
34311
34312
34321
34411
34412
34421
34511
34512
34521
35111
35112
35113
35114
35121
35122
35123
35124
35131
35132
35141
35142
35211
35212
35213
35214
35221
35231
35241
35311
35312
35321
35411
35412
35421
41111
41112
41113
41114
41115
41121
41122
41123
41124
41125
41131
41132
41133
41134
41135
41141
41142
41143
41151
41152
41153
41211
41212
41213
41214
41215
41221
41222
41223
41224
41225
41231
41232
41233
41234
41235
41241
41242
41243
41251
41252
41253
41311
41312
41313
41314
41315
41321
41322
41323
41324
41325
41331
41332
41341
41342
41351
41352
41411
41412
41413
41421
41422
41423
41431
41432
41511
41512
41513
41521
41522
41523
41531
41532
42111
42112
42113
42114
42115
42121
42122
42123
42124
42125
42131
42132
42133
42134
42135
42141
42142
42143
42151
42152
42153
42211
42212
42213
42214
42215
42221
42231
42241
42251
42311
42312
42313
42314
42315
42321
42331
42341
42351
42411
42412
42413
42421
42431
42511
42512
42513
42521
42531
43111
43112
43113
43114
43115
43121
43122
43123
43124
43125
43131
43132
43141
43142
43151
43152
43211
43212
43213
43214
43215
43221
43231
43241
43251
43311
43312
43321
43411
43412
43421
43511
43512
43521
44111
44112
44113
44121
44122
44123
44131
44132
44211
44212
44213
44221
44231
44311
44312
44321
45111
45112
45113
45121
45122
45123
45131
45132
45211
45212
45213
45221
45231
45311
45312
45321
51111
51112
51113
51114
51121
51122
51123
51124
51131
51132
51133
51134
51141
51142
51143
51211
51212
51213
51214
51221
51222
51223
51224
51231
51232
51233
51234
51241
51242
51243
51311
51312
51313
51314
51321
51322
51323
51324
51331
51332
51341
51342
51411
51412
51413
51421
51422
51423
51431
51432
52111
52112
52113
52114
52121
52122
52123
52124
52131
52132
52133
52134
52141
52142
52143
52211
52212
52213
52214
52221
52231
52241
52311
52312
52313
52314
52321
52331
52341
52411
52412
52413
52421
52431
53111
53112
53113
53114
53121
53122
53123
53124
53131
53132
53141
53142
53211
53212
53213
53214
53221
53231
53241
53311
53312
53321
53411
53412
53421
54111
54112
54113
54121
54122
54123
54131
54132
54211
54212
54213
54221
54231
54311
54312
54321
