12345678
12345687
12345768
12345876
12346578
12346587
12347658
12347856
12348675
12348765
12354678
12354687
12354768
12354876
12365478
12365487
12367458
12368475
12375648
12375846
12376548
12378645
12385674
12385764
12386574
12387654
12435678
12435687
12435768
12435876
12436578
12436587
12437658
12437856
12438675
12438765
12543678
12543687
12543768
12543876
12563478
12563487
12573648
12573846
12583674
12583764
12645378
12645387
12647358
12648375
12654378
12654387
12675348
12678345
12685374
12687354
12745638
12745836
12746538
12748635
12754638
12754836
12765438
12768435
12785634
12786534
12845673
12845763
12846573
12847653
12854673
12854763
12865473
12867453
12875643
12876543
13245678
13245687
13245768
13245876
13246578
13246587
13247658
13247856
13248675
13248765
13254678
13254687
13254768
13254876
13265478
13265487
13267458
13268475
13275648
13275846
13276548
13278645
13285674
13285764
13286574
13287654
14325678
14325687
14325768
14325876
14326578
14326587
14327658
14327856
14328675
14328765
14523678
14523687
14523768
14523876
14625378
14625387
14627358
14628375
14725638
14725836
14726538
14728635
14825673
14825763
14826573
14827653
15342678
15342687
15342768
15342876
15362478
15362487
15372648
15372846
15382674
15382764
15432678
15432687
15432768
15432876
15642378
15642387
15672348
15682374
15742638
15742836
15762438
15782634
15842673
15842763
15862473
15872643
16345278
16345287
16347258
16348275
16354278
16354287
16375248
16378245
16385274
16387254
16435278
16435287
16437258
16438275
16543278
16543287
16573248
16583274
16745238
16748235
16754238
16785234
16845273
16847253
16854273
16875243
17345628
17345826
17346528
17348625
17354628
17354826
17365428
17368425
17385624
17386524
17435628
17435826
17436528
17438625
17543628
17543826
17563428
17583624
17645328
17648325
17654328
17685324
17845623
17846523
17854623
17865423
18345672
18345762
18346572
18347652
18354672
18354762
18365472
18367452
18375642
18376542
18435672
18435762
18436572
18437652
18543672
18543762
18563472
18573642
18645372
18647352
18654372
18675342
18745632
18746532
18754632
18765432
21345678
21345687
21345768
21345876
21346578
21346587
21347658
21347856
21348675
21348765
21354678
21354687
21354768
21354876
21365478
21365487
21367458
21368475
21375648
21375846
21376548
21378645
21385674
21385764
21386574
21387654
21435678
21435687
21435768
21435876
21436578
21436587
21437658
21437856
21438675
21438765
21543678
21543687
21543768
21543876
21563478
21563487
21573648
21573846
21583674
21583764
21645378
21645387
21647358
21648375
21654378
21654387
21675348
21678345
21685374
21687354
21745638
21745836
21746538
21748635
21754638
21754836
21765438
21768435
21785634
21786534
21845673
21845763
21846573
21847653
21854673
21854763
21865473
21867453
21875643
21876543
32145678
32145687
32145768
32145876
32146578
32146587
32147658
32147856
32148675
32148765
32154678
32154687
32154768
32154876
32165478
32165487
32167458
32168475
32175648
32175846
32176548
32178645
32185674
32185764
32186574
32187654
34125678
34125687
34125768
34125876
34126578
34126587
34127658
34127856
34128675
34128765
35142678
35142687
35142768
35142876
35162478
35162487
35172648
35172846
35182674
35182764
36145278
36145287
36147258
36148275
36154278
36154287
36175248
36178245
36185274
36187254
37145628
37145826
37146528
37148625
37154628
37154826
37165428
37168425
37185624
37186524
38145672
38145762
38146572
38147652
38154672
38154762
38165472
38167452
38175642
38176542
42315678
42315687
42315768
42315876
42316578
42316587
42317658
42317856
42318675
42318765
42513678
42513687
42513768
42513876
42615378
42615387
42617358
42618375
42715638
42715836
42716538
42718635
42815673
42815763
42816573
42817653
43215678
43215687
43215768
43215876
43216578
43216587
43217658
43217856
43218675
43218765
45312678
45312687
45312768
45312876
45612378
45612387
45712638
45712836
45812673
45812763
46315278
46315287
46317258
46318275
46513278
46513287
46715238
46718235
46815273
46817253
47315628
47315826
47316528
47318625
47513628
47513826
47615328
47618325
47815623
47816523
48315672
48315762
48316572
48317652
48513672
48513762
48615372
48617352
48715632
48716532
52341678
52341687
52341768
52341876
52361478
52361487
52371648
52371846
52381674
52381764
52431678
52431687
52431768
52431876
52641378
52641387
52671348
52681374
52741638
52741836
52761438
52781634
52841673
52841763
52861473
52871643
53241678
53241687
53241768
53241876
53261478
53261487
53271648
53271846
53281674
53281764
54321678
54321687
54321768
54321876
54621378
54621387
54721638
54721836
54821673
54821763
56341278
56341287
56371248
56381274
56431278
56431287
56741238
56781234
56841273
56871243
57341628
57341826
57361428
57381624
57431628
57431826
57641328
57681324
57841623
57861423
58341672
58341762
58361472
58371642
58431672
58431762
58641372
58671342
58741632
58761432
62345178
62345187
62347158
62348175
62354178
62354187
62375148
62378145
62385174
62387154
62435178
62435187
62437158
62438175
62543178
62543187
62573148
62583174
62745138
62748135
62754138
62785134
62845173
62847153
62854173
62875143
63245178
63245187
63247158
63248175
63254178
63254187
63275148
63278145
63285174
63287154
64325178
64325187
64327158
64328175
64523178
64523187
64725138
64728135
64825173
64827153
65342178
65342187
65372148
65382174
65432178
65432187
65742138
65782134
65842173
65872143
67345128
67348125
67354128
67385124
67435128
67438125
67543128
67583124
67845123
67854123
68345172
68347152
68354172
68375142
68435172
68437152
68543172
68573142
68745132
68754132
72345618
72345816
72346518
72348615
72354618
72354816
72365418
72368415
72385614
72386514
72435618
72435816
72436518
72438615
72543618
72543816
72563418
72583614
72645318
72648315
72654318
72685314
72845613
72846513
72854613
72865413
73245618
73245816
73246518
73248615
73254618
73254816
73265418
73268415
73285614
73286514
74325618
74325816
74326518
74328615
74523618
74523816
74625318
74628315
74825613
74826513
75342618
75342816
75362418
75382614
75432618
75432816
75642318
75682314
75842613
75862413
76345218
76348215
76354218
76385214
76435218
76438215
76543218
76583214
76845213
76854213
78345612
78346512
78354612
78365412
78435612
78436512
78543612
78563412
78645312
78654312
82345671
82345761
82346571
82347651
82354671
82354761
82365471
82367451
82375641
82376541
82435671
82435761
82436571
82437651
82543671
82543761
82563471
82573641
82645371
82647351
82654371
82675341
82745631
82746531
82754631
82765431
83245671
83245761
83246571
83247651
83254671
83254761
83265471
83267451
83275641
83276541
84325671
84325761
84326571
84327651
84523671
84523761
84625371
84627351
84725631
84726531
85342671
85342761
85362471
85372641
85432671
85432761
85642371
85672341
85742631
85762431
86345271
86347251
86354271
86375241
86435271
86437251
86543271
86573241
86745231
86754231
87345621
87346521
87354621
87365421
87435621
87436521
87543621
87563421
87645321
87654321
