546321
465321
654312
564321
436521
536421
365421
543621
654231
542631
564231
456321
645321
645312
653412
453621
356421
534621
364521
354621
463521
346521
465312
435621
654213
635421
643521
635412
643512
465231
563421
546231
653241
345621
365241
452631
546312
426531
365412
634521
634512
456231
645213
436512
536412
425631
463512
254631
435261
465213
246531
256431
354261
453261
265431
364512
524631
526431
635241
642531
652431
543261
536241
346512
462531
356412
652413
543612
532641
564213
652341
265413
245631
642513
352641
456312
562431
543162
264531
265341
345261
625413
534261
542361
654132
436251
534612
354612
364251
453612
563241
463251
356241
523641
625341
264513
534162
435612
635214
253641
653142
653214
346251
624513
425361
462513
634251
562341
542613
365214
564132
526341
562413
624531
235641
245361
256341
236541
342561
342651
452361
362541
345612
246513
643152
456213
254361
256413
354162
325641
326541
432561
432651
642351
426513
453162
635142
546132
645132
654123
625314
426351
265314
246351
254613
362514
542163
356214
652314
462351
352461
264351
263541
435162
536142
365142
632514
532461
563142
563214
524361
564123
634152
645123
452613
362451
465123
436152
425613
524613
536214
234561
236514
254163
234651
431562
531642
431652
245613
235461
236451
345162
356142
243561
263514
546123
243651
253461
263451
324561
326514
524163
324651
364152
325461
326451
456132
562314
423561
623514
653124
423651
523461
641532
563124
536124
436215
631542
541632
346152
364215
352614
463215
256314
635124
461532
452163
643215
461523
451632
651432
365124
652143
642153
346215
351642
634215
526314
265143
264153
631524
541362
235614
531462
643125
245163
253614
356124
625143
624153
341562
641523
341652
325614
561432
642315
425163
342615
315642
316542
426315
651423
432615
562143
462153
634125
246315
541623
651342
561423
631452
352164
462315
416532
256143
246153
264315
361524
451362
351462
532164
463125
526143
531624
451623
562134
514632
362415
615432
436125
364125
652134
632415
624315
234615
256134
235164
431625
451263
241563
641352
241653
236415
314562
316524
314652
315462
615423
516432
316452
415632
243615
265134
253164
614532
263415
324615
526134
325164
541263
421563
421653
326415
423615
625134
523164
623415
346125
642135
614523
416523
615342
561342
461352
264135
531264
251643
261543
415362
514362
624135
651324
521643
621543
435216
561324
362154
354216
416352
315624
514623
453216
513642
516423
341625
462135
632154
154632
146532
156432
236154
461253
261534
631425
251463
514263
415623
516342
543126
246135
263154
413562
413652
345216
326154
351264
641253
621534
521463
534216
542316
165423
145632
426135
623154
164532
165342
534126
561243
641325
615324
614352
613542
651243
425316
361425
164523
153642
651234
245316
241635
251634
261453
342516
342165
314625
315264
452316
316425
613524
415263
254316
516324
215643
513462
354126
461325
421635
521634
621453
432516
135642
145362
156342
136542
146523
154362
631254
542136
362145
615243
352416
416253
613452
435126
561234
632145
165324
146352
154623
234516
254136
236145
234165
431526
461235
431265
251364
235416
231564
231654
345126
614253
416325
412563
412653
243516
263145
243165
214563
216534
214653
253416
513624
215463
324516
524136
326145
324165
641235
361254
521364
325416
321564
134562
136524
154263
134652
145623
135462
136452
423516
623145
143562
163524
143652
153462
516234
316254
413625
516243
614325
452136
156324
631245
541326
531426
261435
245136
615234
513264
341526
621435
165243
164253
135624
145263
352146
614235
512643
612543
416235
613425
361245
451326
532146
146325
156243
164325
235146
451236
241536
261354
241365
231645
314526
316245
314265
612534
412635
315426
512463
312564
312654
253146
214635
215364
216435
325146
541236
421536
621354
421365
321645
134625
156234
135264
142563
142653
136425
523146
143625
165234
153264
163425
531246
415326
512634
613254
514326
164235
152643
162543
261345
251436
514236
512364
612453
413526
413265
216354
351246
621345
521436
136254
162534
152463
146235
163254
342156
315246
312645
415236
613245
513426
145326
142635
152634
162453
125643
234156
431256
251346
231546
231465
412536
412365
612435
243156
214536
216345
213564
324156
521346
134526
154236
136245
134265
152364
135426
132564
143526
163245
124563
126534
124653
125463
612354
513246
162435
241356
314256
612345
512436
312546
312465
215346
213645
421356
135246
142536
162354
142365
132645
153246
124635
125364
126435
512346
413256
162345
152436
126354
231456
412356
134256
152346
124536
126345
123564
312456
142356
125346
123645
