2345671
7345612
2745613
2375614
2347615
2345716
2345617
6345721
6345172
6745123
6375124
6347125
7345126
6345127
2645731
7645132
2645173
2675134
2647135
2745136
2645137
2365741
7365142
2765143
2365174
2367145
2375146
2365147
2346751
7346152
2746153
2376154
2346175
2347156
2346157
2345761
7345162
2745163
2375164
2347165
2345176
2345167
5346271
5346712
5746213
5376214
7346215
5347216
5346217
5347621
5341672
5741623
5371624
7341625
5341726
5341627
5647231
5641732
5641273
5671234
7641235
5741236
5641237
5367241
5361742
5761243
5361274
7361245
5371246
5361247
6347251
6341752
6741253
6371254
6341275
7341256
6341257
5347261
5341762
5741263
5371264
7341265
5341276
5341267
2546371
7546312
2546713
2576314
2746315
2547316
2546317
6547321
6541372
6541723
6571324
6741325
7541326
6541327
2547631
7541632
2541673
2571634
2741635
2541736
2541637
2567341
7561342
2561743
2561374
2761345
2571346
2561347
2647351
7641352
2641753
2671354
2641375
2741356
2641357
2547361
7541362
2541763
2571364
2741365
2541376
2541367
2356471
7356412
2756413
2356714
2376415
2357416
2356417
6357421
6351472
6751423
6351724
6371425
7351426
6351427
2657431
7651432
2651473
2651734
2671435
2751436
2651437
2357641
7351642
2751643
2351674
2371645
2351746
2351647
2367451
7361452
2761453
2361754
2361475
2371456
2361457
2357461
7351462
2751463
2351764
2371465
2351476
2351467
2346571
7346512
2746513
2376514
2346715
2347516
2346517
6347521
6341572
6741523
6371524
6341725
7341526
6341527
2647531
7641532
2641573
2671534
2641735
2741536
2641537
2367541
7361542
2761543
2361574
2361745
2371546
2361547
2347651
7341652
2741653
2371654
2341675
2341756
2341657
2347561
7341562
2741563
2371564
2341765
2341576
2341567
6345712
2645713
2365714
5346721
5641723
5361724
2546731
6541732
2561734
2356741
6351742
2651743
4352671
4357612
4752613
7352614
4372615
4352716
4352617
4356721
4356172
4756123
7356124
4376125
4357126
4356127
4652731
4657132
4652173
7652134
4672135
4752136
4652137
6352741
6357142
6752143
6352174
6372145
7352146
6352147
4362751
4367152
4762153
7362154
4362175
4372156
4362157
4352761
4357162
4752163
7352164
4372165
4352176
4352167
4365271
4365712
4765213
7365214
4367215
4375216
4365217
4375621
4315672
4715623
7315624
4317625
4315726
4315627
4675231
4615732
4615273
7615234
4617235
4715236
4615237
6375241
6315742
6715243
6315274
6317245
7315246
6315247
4376251
4316752
4716253
7316254
4316275
4317256
4316257
4375261
4315762
4715263
7315264
4317265
4315276
4315267
4562371
4567312
4562713
7562314
4762315
4572316
4562317
4576321
4516372
4516723
7516324
4716325
4517326
4516327
4572631
4517632
4512673
7512634
4712635
4512736
4512637
6572341
6517342
6512743
6512374
6712345
7512346
6512347
4672351
4617352
4612753
7612354
4612375
4712356
4612357
4572361
4517362
4512763
7512364
4712365
4512376
4512367
5362471
5367412
5762413
5362714
7362415
5372416
5362417
5376421
5316472
5716423
5316724
7316425
5317426
5316427
5672431
5617432
5612473
5612734
7612435
5712436
5612437
5372641
5317642
5712643
5312674
7312645
5312746
5312647
6372451
6317452
6712453
6312754
6312475
7312456
6312457
5372461
5317462
5712463
5312764
7312465
5312476
5312467
4362571
4367512
4762513
7362514
4362715
4372516
4362517
4376521
4316572
4716523
7316524
4316725
4317526
4316527
4672531
4617532
4612573
7612534
4612735
4712536
4612537
6372541
6317542
6712543
6312574
6312745
7312546
6312547
4372651
4317652
4712653
7312654
4312675
4312756
4312657
4372561
4317562
4712563
7312564
4312765
4312576
4312567
4356712
4652713
6352714
4365721
4615723
6315724
4562731
4516732
6512734
5362741
5316742
5612743
2453671
7453612
2457613
2753614
2473615
2453716
2453617
6453721
6453172
6457123
6753124
6473125
7453126
6453127
2456731
7456132
2456173
2756134
2476135
2457136
2456137
2653741
7653142
2657143
2653174
2673145
2753146
2653147
2463751
7463152
2467153
2763154
2463175
2473156
2463157
2453761
7453162
2457163
2753164
2473165
2453176
2453167
5463271
5463712
5467213
5763214
7463215
5473216
5463217
5473621
5413672
5417623
5713624
7413625
5413726
5413627
5476231
5416732
5416273
5716234
7416235
5417236
5416237
5673241
5613742
5617243
5613274
7613245
5713246
5613247
6473251
6413752
6417253
6713254
6413275
7413256
6413257
5473261
5413762
5417263
5713264
7413265
5413276
5413267
2465371
7465312
2465713
2765314
2467315
2475316
2465317
6475321
6415372
6415723
6715324
6417325
7415326
6415327
2475631
7415632
2415673
2715634
2417635
2415736
2415637
2675341
7615342
2615743
2615374
2617345
2715346
2615347
2476351
7416352
2416753
2716354
2416375
2417356
2416357
2475361
7415362
2415763
2715364
2417365
2415376
2415367
2563471
7563412
2567413
2563714
2763415
2573416
2563417
6573421
6513472
6517423
6513724
6713425
7513426
6513427
2576431
7516432
2516473
2516734
2716435
2517436
2516437
2573641
7513642
2517643
2513674
2713645
2513746
2513647
2673451
7613452
2617453
2613754
2613475
2713456
2613457
2573461
7513462
2517463
2513764
2713465
2513476
2513467
2463571
7463512
2467513
2763514
2463715
2473516
2463517
6473521
6413572
6417523
6713524
6413725
7413526
6413527
2476531
7416532
2416573
2716534
2416735
2417536
2416537
2673541
7613542
2617543
2613574
2613745
2713546
2613547
2473651
7413652
2417653
2713654
2413675
2413756
2413657
2473561
7413562
2417563
2713564
2413765
2413576
2413567
6453712
2456713
2653714
5463721
5416723
5613724
2465731
6415732
2615734
2563741
6513742
2516743
2354671
7354612
2754613
2357614
2374615
2354716
2354617
6354721
6354172
6754123
6357124
6374125
7354126
6354127
2654731
7654132
2654173
2657134
2674135
2754136
2654137
7356142
2756143
2356174
2376145
2357146
2356147
2364751
7364152
2764153
2367154
2364175
2374156
2364157
2354761
7354162
2754163
2357164
2374165
2354176
2354167
5364271
5364712
5764213
5367214
7364215
5374216
5364217
5374621
5314672
5714623
5317624
7314625
5314726
5314627
5674231
5614732
5614273
5617234
7614235
5714236
5614237
5376241
5716243
5316274
7316245
5317246
5316247
6374251
6314752
6714253
6317254
6314275
7314256
6314257
5374261
5314762
5714263
5317264
7314265
5314276
5314267
2564371
7564312
2564713
2567314
2764315
2574316
2564317
6574321
6514372
6514723
6517324
6714325
7514326
6514327
2574631
7514632
2514673
2517634
2714635
2514736
2514637
2576341
7516342
2516374
2716345
2517346
2516347
2674351
7614352
2614753
2617354
2614375
2714356
2614357
2574361
7514362
2514763
2517364
2714365
2514376
2514367
2365471
7365412
2765413
2367415
2375416
2365417
6375421
6315472
6715423
6317425
7315426
6315427
2675431
7615432
2615473
2617435
2715436
2615437
2375641
7315642
2715643
2315674
2317645
2315746
2315647
2376451
7316452
2716453
2316754
2316475
2317456
2316457
2375461
7315462
2715463
2315764
2317465
2315476
2315467
2364571
7364512
2764513
2367514
2364715
2374516
2364517
6374521
6314572
6714523
6317524
6314725
7314526
6314527
2674531
7614532
2614573
2617534
2614735
2714536
2614537
2376541
7316542
2716543
2316574
2316745
2317546
2316547
2374651
7314652
2714653
2317654
2314675
2314756
2314657
2374561
7314562
2714563
2317564
2314765
2314576
2314567
6354712
2654713
5364721
5614723
2564731
6514732
5346172
5746123
5376124
7346125
5347126
5346127
7546132
2546173
2576134
2746135
2547136
2546137
5347162
2547163
4356271
4756213
7356214
4376215
4357216
4356217
4576231
4516273
7516234
4716235
4517236
4516237
4357261
4517263
2456371
7456312
2756314
2476315
2457316
2456317
5476321
5416372
5716324
7416325
5417326
5416327
2457361
5417362
5347612
2547613
4357621
4517623
2457631
5417632
6347512
2647513
5647123
5367124
6547132
2567134
6347152
2647153
4657213
6357214
4367521
4617523
4567231
6517234
4367251
4617253
6457312
2657314
5467321
5617324
2467531
6417532
2467351
6417352
6357412
2657413
5367421
5617423
2567431
6517432
3425671
3475612
7425613
3725614
3427615
3425716
3425617
3465721
3465172
7465123
3765124
3467125
3475126
3465127
6425731
6475132
6425173
6725134
6427135
7425136
6425137
3625741
3675142
7625143
3625174
3627145
3725146
3625147
3426751
3476152
7426153
3726154
3426175
3427156
3426157
3425761
3475162
7425163
3725164
3427165
3425176
3425167
3456271
3456712
7456213
3756214
3476215
3457216
3456217
3457621
3451672
7451623
3751624
3471625
3451726
3451627
6457231
6451732
6451273
6751234
6471235
7451236
6451237
3657241
3651742
7651243
3651274
3671245
3751246
3651247
3467251
3461752
7461253
3761254
3461275
3471256
3461257
3457261
3451762
7451263
3751264
3471265
3451276
3451267
5426371
5476312
5426713
5726314
7426315
5427316
5426317
5461372
5461723
5761324
7461325
5471326
5461327
5427631
5471632
5421673
5721634
7421635
5421736
5421637
5627341
5671342
5621743
5621374
7621345
5721346
5621347
6427351
6471352
6421753
6721354
6421375
7421356
6421357
5427361
5471362
5421763
5721364
7421365
5421376
5421367
3526471
3576412
7526413
3526714
3726415
3527416
3526417
3567421
3561472
7561423
3561724
3761425
3571426
3561427
6527431
6571432
6521473
6521734
6721435
7521436
6521437
3527641
3571642
7521643
3521674
3721645
3521746
3521647
3627451
3671452
7621453
3621754
3621475
3721456
3621457
3527461
3571462
7521463
3521764
3721465
3521476
3521467
3426571
3476512
7426513
3726514
3426715
3427516
3426517
3467521
3461572
7461523
3761524
3461725
3471526
3461527
6427531
6471532
6421573
6721534
6421735
7421536
6421537
3627541
3671542
7621543
3621574
3621745
3721546
3621547
3427651
3471652
7421653
3721654
3421675
3421756
3421657
3427561
3471562
7421563
3721564
3421765
3421576
3421567
3465712
6425713
3625714
3456721
6451723
3651724
5426731
5461732
5621734
3526741
3561742
6521743
3542671
3547612
7542613
3572614
3742615
3542716
3542617
3546721
3546172
7546123
3576124
3746125
3547126
3546127
6542731
6542173
6572134
6742135
7542136
6542137
3562741
3567142
7562143
3562174
3762145
3572146
3562147
3642751
3647152
7642153
3672154
3642175
3742156
3642157
3542761
3547162
7542163
3572164
3742165
3542176
3542167
3645271
3645712
7645213
3675214
3647215
3745216
3645217
3745621
3145672
7145623
3175624
3147625
3145726
3145627
6745231
6145732
6145273
6175234
6147235
7145236
6145237
3765241
3165742
7165243
3165274
3167245
3175246
3165247
3746251
3146752
7146253
3176254
3146275
3147256
3146257
3745261
3145762
7145263
3175264
3147265
3145276
3145267
5642371
5647312
5642713
5672314
7642315
5742316
5642317
5746321
5146372
5146723
5176324
7146325
5147326
5146327
5742631
5147632
5142673
5172634
7142635
5142736
5142637
5762341
5167342
5162743
5162374
7162345
5172346
5162347
6742351
6147352
6142753
6172354
6142375
7142356
6142357
5742361
5147362
5142763
5172364
7142365
5142376
5142367
3652471
3657412
7652413
3652714
3672415
3752416
3652417
3756421
3156472
7156423
3156724
3176425
3157426
3156427
6752431
6157432
6152473
6152734
6172435
7152436
6152437
3752641
3157642
7152643
3152674
3172645
3152746
3152647
3762451
3167452
7162453
3162754
3162475
3172456
3162457
3752461
3157462
7152463
3152764
3172465
3152476
3152467
3642571
3647512
7642513
3672514
3642715
3742516
3642517
3746521
3146572
7146523
3176524
3146725
3147526
3146527
6742531
6147532
6142573
6172534
6142735
7142536
6142537
3762541
3167542
7162543
3162574
3162745
3172546
3162547
3742651
3147652
7142653
3172654
3142675
3142756
3142657
3742561
3147562
7142563
3172564
3142765
3142576
3142567
3546712
6542713
3562714
3645721
6145723
3165724
5642731
5146732
5162734
3652741
3156742
6152743
4523671
4573612
4527613
7523614
4723615
4523716
4523617
4563721
4563172
4567123
7563124
4763125
4573126
4563127
4526731
4576132
4526173
7526134
4726135
4527136
4526137
6523741
6573142
6527143
6523174
6723145
7523146
6523147
4623751
4673152
4627153
7623154
4623175
4723156
4623157
4523761
4573162
4527163
7523164
4723165
4523176
4523167
4653271
4653712
7653214
4673215
4753216
4653217
4753621
4153672
4157623
7153624
4173625
4153726
4153627
4756231
4156732
4156273
7156234
4176235
4157236
4156237
6753241
6153742
6157243
6153274
6173245
7153246
6153247
4763251
4163752
4167253
7163254
4163275
4173256
4163257
4753261
4153762
4157263
7153264
4173265
4153276
4153267
4625371
4675312
4625713
7625314
4627315
4725316
4625317
4765321
4165372
4165723
7165324
4167325
4175326
4165327
4725631
4175632
4125673
7125634
4127635
4125736
4125637
6725341
6175342
6125743
6125374
6127345
7125346
6125347
4726351
4176352
4126753
7126354
4126375
4127356
4126357
4725361
4175362
4125763
7125364
4127365
4125376
4125367
5623471
5673412
5627413
5623714
7623415
5723416
5623417
5763421
5163472
5167423
5163724
7163425
5173426
5163427
5726431
5176432
5126473
5126734
7126435
5127436
5126437
5723641
5173642
5127643
5123674
7123645
5123746
5123647
6723451
6173452
6127453
6123754
6123475
7123456
6123457
5723461
5173462
5127463
5123764
7123465
5123476
5123467
4623571
4673512
4627513
7623514
4623715
4723516
4623517
4763521
4163572
4167523
7163524
4163725
4173526
4163527
4726531
4176532
4126573
7126534
4126735
4127536
4126537
6723541
6173542
6127543
6123574
6123745
7123546
6123547
4723651
4173652
4127653
7123654
4123675
4123756
4123657
4723561
4173562
4127563
7123564
4123765
4123576
4123567
4563712
4526713
6523714
4653721
4156723
6153724
4625731
4165732
6125734
5623741
5163742
5126743
3524671
3574612
7524613
3527614
3724615
3524716
3524617
3564721
3564172
7564123
3567124
3764125
3574126
3564127
6524731
6574132
6524173
6527134
6724135
7524136
6524137
3576142
7526143
3526174
3726145
3527146
3526147
3624751
3674152
7624153
3627154
3624175
3724156
3624157
3524761
3574162
7524163
3527164
3724165
3524176
3524167
3654271
3654712
7654213
3657214
3674215
3754216
3654217
3754621
3154672
7154623
3157624
3174625
3154726
3154627
6754231
6154732
6154273
6157234
6174235
7154236
6154237
3756241
7156243
3156274
3176245
3157246
3156247
3764251
3164752
7164253
3167254
3164275
3174256
3164257
3754261
3154762
7154263
3157264
3174265
3154276
3154267
5624371
5674312
5624713
5627314
7624315
5724316
5624317
5764321
5164372
5164723
5167324
7164325
5174326
5164327
5724631
5174632
5124673
5127634
7124635
5124736
5124637
5726341
5176342
5126374
7126345
5127346
5126347
6724351
6174352
6124753
6127354
6124375
7124356
6124357
5724361
5174362
5124763
5127364
7124365
5124376
5124367
3625471
3675412
7625413
3627415
3725416
3625417
3765421
3165472
7165423
3167425
3175426
3165427
6725431
6175432
6125473
6127435
7125436
6125437
3725641
3175642
7125643
3125674
3127645
3125746
3125647
3726451
3176452
7126453
3126754
3126475
3127456
3126457
3725461
3175462
7125463
3125764
3127465
3125476
3125467
3624571
3674512
7624513
3627514
3624715
3724516
3624517
3764521
3164572
7164523
3167524
3164725
3174526
3164527
6724531
6174532
6124573
6127534
6124735
7124536
6124537
3726541
3176542
7126543
3126574
3126745
3127546
3126547
3724651
3174652
7124653
3127654
3124675
3124756
3124657
3724561
3174562
7124563
3127564
3124765
3124576
3124567
3564712
6524713
3654721
6154723
5624731
5164732
3456172
7456123
3756124
3476125
3457126
3456127
5476132
5426173
5726134
7426135
5427136
5426137
3457162
5427163
3546271
7546213
3576214
3746215
3547216
3546217
5746231
5146273
5176234
7146235
5147236
5146237
3547261
5147263
4526371
4576312
7526314
4726315
4527316
4526317
4756321
4156372
7156324
4176325
4157326
4156327
4527361
4157362
3457612
5427613
3547621
5147623
4527631
4157632
3467512
6427513
3657124
5467132
5627134
3467152
6427153
6547213
3567214
3647521
6147523
5167234
3647251
6147253
6527314
4657321
6157324
4627531
4167532
4627351
4167352
3567412
6527413
3657421
6157423
5627431
5167432
2435671
7435612
2475613
2735614
2437615
2435716
2435617
6435721
6435172
6475123
6735124
6437125
7435126
6435127
7465132
2465173
2765134
2467135
2475136
2465137
2635741
7635142
2675143
2635174
2637145
2735146
2635147
2436751
7436152
2476153
2736154
2436175
2437156
2436157
2435761
7435162
2475163
2735164
2437165
2435176
2435167
5436271
5436712
5476213
5736214
7436215
5437216
5436217
5437621
5431672
5471623
5731624
7431625
5431726
5431627
5467231
5461273
5761234
7461235
5471236
5461237
5637241
5631742
5671243
5631274
7631245
5731246
5631247
6437251
6431752
6471253
6731254
6431275
7431256
6431257
5437261
5431762
5471263
5731264
7431265
5431276
5431267
6457321
6451372
6751324
6471325
7451326
6451327
7451632
2451673
2751634
2471635
2451736
2451637
2657341
7651342
2651374
2671345
2751346
2651347
7461352
2461753
2761354
2461375
2471356
2461357
7451362
2451763
2751364
2471365
2451376
2451367
2536471
7536412
2576413
2536714
2736415
2537416
2536417
6537421
6531472
6571423
6531724
6731425
7531426
6531427
7561432
2561473
2761435
2571436
2561437
2537641
7531642
2571643
2531674
2731645
2531746
2531647
2637451
7631452
2671453
2631754
2631475
2731456
2631457
2537461
7531462
2571463
2531764
2731465
2531476
2531467
2436571
7436512
2476513
2736514
2436715
2437516
2436517
6437521
6431572
6471523
6731524
6431725
7431526
6431527
7461532
2461573
2761534
2461735
2471536
2461537
2637541
7631542
2671543
2631574
2631745
2731546
2631547
2437651
7431652
2471653
2731654
2431675
2431756
2431657
2437561
7431562
2471563
2731564
2431765
2431576
2431567
6435712
2635714
5436721
5631724
2536741
6531742
4532671
4537612
4572613
7532614
4732615
4532716
4532617
4536721
4536172
4576123
7536124
4736125
4537126
4536127
4567132
4562173
7562134
4762135
4572136
4562137
6532741
6537142
6572143
6532174
6732145
7532146
6532147
4632751
4637152
4672153
7632154
4632175
4732156
4632157
4532761
4537162
4572163
7532164
4732165
4532176
4532167
4635271
4635712
4675213
7635214
4637215
4735216
4635217
4735621
4135672
4175623
7135624
4137625
4135726
4135627
4765231
4165273
7165234
4167235
4175236
4165237
6735241
6135742
6175243
6135274
6137245
7135246
6135247
4736251
4136752
4176253
7136254
4136275
4137256
4136257
4735261
4135762
4175263
7135264
4137265
4135276
4135267
4652371
4657312
7652314
4672315
4752316
4652317
4752631
4152673
7152634
4172635
4152736
4152637
6752341
6157342
6152374
6172345
7152346
6152347
4762351
4162753
7162354
4162375
4172356
4162357
4752361
4152763
7152364
4172365
4152376
4152367
5632471
5637412
5672413
5632714
7632415
5732416
5632417
5736421
5136472
5176423
5136724
7136425
5137426
5136427
5762431
5162473
7162435
5172436
5162437
5732641
5137642
5172643
5132674
7132645
5132746
5132647
6732451
6137452
6172453
6132754
6132475
7132456
6132457
5732461
5137462
5172463
5132764
7132465
5132476
5132467
4632571
4637512
4672513
7632514
4632715
4732516
4632517
4736521
4136572
4176523
7136524
4136725
4137526
4136527
4762531
4162573
7162534
4162735
4172536
4162537
6732541
6137542
6172543
6132574
6132745
7132546
6132547
4732651
4137652
4172653
7132654
4132675
4132756
4132657
4732561
4137562
4172563
7132564
4132765
4132576
4132567
4536712
6532714
4635721
6135724
5632741
5136742
2543671
7543612
2573614
2743615
2543716
2543617
6543721
6543172
6547123
6573124
6743125
7543126
6543127
7563142
2567143
2563174
2763145
2573146
2563147
2643751
7643152
2673154
2643175
2743156
2643157
2543761
7543162
2573164
2743165
2543176
2543167
5643271
5643712
5647213
5673214
7643215
5743216
5643217
5743621
5143672
5173624
7143625
5143726
5143627
5763241
5167243
5163274
7163245
5173246
5163247
6743251
6143752
6173254
6143275
7143256
6143257
5743261
5143762
5173264
7143265
5143276
5143267
2645371
7645312
2675314
2647315
2745316
2645317
6745321
6145372
6175324
6147325
7145326
6145327
2745631
7145632
2145673
2175634
2147635
2145736
2145637
2765341
7165342
2165743
2165374
2167345
2175346
2165347
2746351
7146352
2146753
2176354
2146375
2147356
2146357
2745361
7145362
2145763
2175364
2147365
2145376
2145367
2653471
7653412
2673415
2753416
2653417
6753421
6153472
6173425
7153426
6153427
2756431
7156432
2156473
2156734
2176435
2157436
2156437
2753641
7153642
2157643
2153674
2173645
2153746
2153647
2763451
7163452
2167453
2163754
2163475
2173456
2163457
2753461
7153462
2157463
2153764
2173465
2153476
2153467
2643571
7643512
2673514
2643715
2743516
2643517
6743521
6143572
6173524
6143725
7143526
6143527
2746531
7146532
2146573
2176534
2146735
2147536
2146537
2763541
7163542
2167543
2163574
2163745
2173546
2163547
2743651
7143652
2147653
2173654
2143675
2143756
2743561
7143562
2147563
2173564
6543712
5643721
2165734
2156743
2534671
7534612
2574613
2537614
2734615
2534716
2534617
6534721
6534172
6574123
6537124
6734125
7534126
6534127
7564132
2564173
2764135
2574136
2564137
7536142
2576143
2536174
2736145
2537146
2536147
2634751
7634152
2674153
2637154
2634175
2734156
2634157
2534761
7534162
2574163
2537164
2734165
2534176
2534167
5634271
5634712
5674213
5637214
7634215
5734216
5634217
5734621
5134672
5174623
5137624
7134625
5134726
5134627
5764231
5164273
7164235
5174236
5164237
5736241
5176243
5136274
7136245
5137246
5136247
6734251
6134752
6174253
6137254
6134275
7134256
6134257
5734261
5134762
5174263
5137264
7134265
5134276
5134267
2654371
7654312
2674315
2754316
2654317
6754321
6154372
6174325
7154326
6154327
2754631
7154632
2154673
2157634
2174635
2154736
2154637
2756341
7156342
2156374
2176345
2157346
2764351
7164352
2164753
2167354
2164375
2174356
2164357
2754361
7154362
2154763
2174365
2635471
7635412
2675413
2637415
2735416
2635417
6735421
6135472
6175423
6137425
7135426
6135427
2765431
7165432
2165473
2167435
2175436
2735641
7135642
2175643
2135674
2137645
2135746
2135647
2736451
7136452
2176453
2136754
2136475
2137456
2136457
2735461
7135462
2135764
2137465
2634571
7634512
2674513
2637514
2634715
2734516
2634517
6734521
6134572
6174523
6137524
6134725
7134526
6134527
2764531
7164532
2164573
2174536
2736541
7136542
2136574
2137546
2734651
7134652
2134675
2134756
2734561
7134562
6534712
5634721
5436172
5476123
5736124
7436125
5437126
5436127
5437162
4536271
4576213
7536214
4736215
4537216
4536217
4537261
5437612
4537621
6437512
5467123
6457132
6437152
4567213
4637521
4657231
4637251
6547312
5647321
6537412
5637421
4351672
4751623
7351624
4371625
4351726
4351627
4651732
4651273
7651234
4671235
4751236
4651237
6357241
6751243
6351274
6371245
7351246
6351247
4361752
4761253
7361254
4361275
4371256
4361257
4351762
4751263
7351264
4371265
4351276
4351267
4361572
4761523
7361524
4361725
4371526
4361527
4371562
4371652
4651723
3452671
7452613
3752614
3472615
3452716
3452617
6452731
6452173
6752134
6472135
7452136
6452137
3657142
7652143
3652174
3672145
3752146
3652147
3462751
7462153
3762154
3462175
3472156
3462157
3452761
7452163
3752164
3472165
3452176
3452167
3462571
7462513
3762514
3462715
3472516
3462517
3472561
3472651
6452713
4365172
4765123
7365124
4367125
4375126
4365127
4375162
3465271
7465213
3765214
3467215
3475216
3465217
3475261
4375612
3475621
4376152
3476251
4376512
3476521
4657123
6457213
5364172
5764123
7364125
5374126
5364127
5374162
4561732
4561273
7561234
4761235
4571236
5361472
5761423
7361425
5371426
5361427
5371462
5374612
4571623
5371642
4561723
5462731
5462173
5762134
7462135
5472136
3564271
7564213
3764215
3574216
3564217
3574261
3562471
7562413
3762415
3572416
3562417
3572461
5472613
3574621
3572641
5462713
5463172
5763124
7463125
5473126
5463127
5473162
4563271
7563214
4763215
4573216
4563217
4573261
5473612
4573621
5376412
5376142
3576421
3576241
5367142
3567241
5467312
4567321
6374512
6375142
6374152
6375214
4571632
6571234
4671253
6475312
5671324
6571342
6375412
5671423
6371542
6371452
3675124
5472631
5672134
6472153
3674521
3675241
3674251
6572314
4675321
5672341
6572413
3675421
3672541
3672451
6473512
5673124
6473152
6573214
4673521
4673251
6574312
5674321
6573412
5673421
4675123
6475213
3245671
3745612
7245613
3275614
3247615
3245716
3245617
3645172
7645123
3647125
3745126
3645127
6245731
6745132
6245173
6275134
6247135
7245136
6245137
3265741
3765142
7265143
3265174
3267145
3275146
3265147
3246751
3746152
7246153
3276154
3246175
3247156
3246157
3245761
3745162
7245163
3275164
3247165
3245176
3245167
3541672
7541623
3571624
3741625
3541726
3541627
6547231
6541273
6741235
7541236
6541237
7561243
3561274
3761245
3571246
3561247
3641752
7641253
3671254
3641275
3741256
3641257
3541762
7541263
3571264
3741265
3541276
3541267
5246371
5746312
5246713
5276314
7246315
5247316
5246317
5641372
7641325
5741326
5641327
5247631
5741632
5241673
5271634
7241635
5241736
5241637
5267341
5761342
5261743
5261374
7261345
5271346
5261347
6247351
6741352
6241753
6271354
6241375
7241356
6241357
5247361
5741362
5241763
5271364
7241365
5241376
5241367
3256471
3756412
7256413
3256714
3276415
3257416
3256417
3651472
7651423
3671425
3751426
3651427
6257431
6751432
6251473
6251734
6271435
7251436
6251437
3257641
3751642
7251643
3251674
3271645
3251746
3251647
3267451
3761452
7261453
3261754
3261475
3271456
3261457
3257461
3751462
7251463
3251764
3271465
3251476
3251467
3246571
3746512
7246513
3276514
3246715
3247516
3246517
3641572
7641523
3671524
3641725
3741526
3641527
6247531
6741532
6241573
6271534
6241735
7241536
6241537
3267541
3761542
7261543
3261574
3261745
3271546
3261547
3247651
3741652
7241653
3271654
3241675
3241756
3241657
3247561
3741562
7241563
3271564
3241765
3241576
3241567
6245713
3265714
5246731
5261734
3256741
6251743
3415672
7415623
3715624
3417625
3415726
3415627
6475231
6415273
6715234
6417235
7415236
6415237
3615742
7615243
3615274
3617245
3715246
3615247
3416752
7416253
3716254
3416275
3417256
3416257
3415762
7415263
3715264
3417265
3415276
3415267
5462371
5762314
7462315
5472316
5462317
5412673
5712634
7412635
5412736
5412637
5617342
5612374
7612345
5712346
5612347
6472351
6412753
6712354
6412375
7412356
6412357
5472361
5412763
5712364
7412365
5412376
5412367
3516472
7516423
3516724
3716425
3517426
3516427
6572431
6512473
6712435
7512436
6512437
3517642
7512643
3512674
3712645
3512746
3512647
3617452
7612453
3612754
3612475
3712456
3612457
3517462
7512463
3512764
3712465
3512476
3512467
3416572
7416523
3716524
3416725
3417526
3416527
6472531
6412573
6712534
6412735
7412536
6412537
3617542
7612543
3612574
3612745
3712546
3612547
3417652
7412653
3712654
3412675
3412756
3417562
7412563
3712564
3615724
3516742
4253671
4753612
4257613
7253614
4273615
4253716
4253617
4653172
7653124
4673125
4753126
4653127
4256731
4756132
4256173
7256134
4276135
4257136
4256137
6253741
6753142
6257143
6253174
6273145
7253146
6253147
4263751
4763152
4267153
7263154
4263175
4273156
4263157
4253761
4753162
4257163
7253164
4273165
4253176
4253167
4513672
7513624
4713625
4513726
4513627
6573241
6517243
6513274
6713245
7513246
6513247
4613752
7613254
4613275
4713256
4613257
4513762
7513264
4713265
4513276
4513267
4265371
4765312
4265713
7265314
4267315
4275316
4265317
4615372
7615324
4617325
4715326
4615327
4275631
4715632
4215673
7215634
4217635
4215736
4215637
6275341
6715342
6215743
6215374
6217345
7215346
6215347
4276351
4716352
4216753
7216354
4216375
4217356
4216357
4275361
4715362
4215763
7215364
4217365
4215376
4215367
5263471
5763412
5267413
5263714
7263415
5273416
5263417
5613472
7613425
5713426
5613427
5276431
5716432
5216473
5216734
7216435
5217436
5216437
5273641
5713642
5217643
5213674
7213645
5213746
5213647
6273451
6713452
6217453
6213754
6213475
7213456
6213457
5273461
5713462
5217463
5213764
7213465
5213476
5213467
4263571
4763512
4267513
7263514
4263715
4273516
4263517
4613572
7613524
4613725
4713526
4613527
4276531
4716532
4216573
7216534
4216735
4217536
4216537
6273541
6713542
6217543
6213574
6213745
7213546
6213547
4273651
4713652
4217653
7213654
4213675
4213756
4213657
4273561
4713562
4217563
7213564
4213765
4213576
4213567
4256713
6253714
4265731
6215734
5263741
5216743
3254671
3754612
7254613
3257614
3274615
3254716
3254617
3654172
7654123
3674125
3754126
3654127
6254731
6754132
6254173
6257134
6274135
7254136
6254137
3756142
7256143
3256174
3276145
3257146
3256147
3264751
3764152
7264153
3267154
3264175
3274156
3264157
3254761
3754162
7254163
3257164
3274165
3254176
3254167
3514672
7514623
3517624
3714625
3514726
3514627
6574231
6514273
6714235
7514236
6514237
7516243
3516274
3716245
3517246
3614752
7614253
3617254
3614275
3714256
3614257
3514762
7514263
3714265
5264371
5764312
5264713
5267314
7264315
5274316
5264317
5614372
7614325
5714326
5614327
5274631
5714632
5214673
5217634
7214635
5214736
5214637
5276341
5716342
5216374
7216345
5217346
5216347
6274351
6714352
6214753
6217354
6214375
7214356
6214357
5274361
5714362
5214763
5217364
7214365
5214376
5214367
3265471
3765412
7265413
3267415
3275416
3265417
3615472
7615423
3617425
3715426
6275431
6715432
6215473
6217435
7215436
6215437
3275641
3715642
7215643
3215674
3217645
3215746
3215647
3276451
3716452
7216453
3216754
3216475
3217456
3216457
3275461
7215463
3215764
3217465
3264571
3764512
7264513
3267514
3264715
3274516
3264517
3614572
7614523
3714526
6274531
6714532
6214573
6217534
6214735
7214536
6214537
3276541
7216543
3216574
3217546
3274651
7214653
3214675
3214756
3274561
7214563
6254713
5264731
5746132
5246173
5276134
7246135
5247136
5246137
5247163
4256371
4756312
7256314
4276315
4257316
4256317
4257361
5247613
4257631
6247513
5647132
6247153
4267531
4267351
6257413
5267431
4325671
4725613
7325614
4327615
4325716
4325617
4675132
4625173
7625134
4627135
4725136
4625137
6325741
6725143
6325174
6327145
7325146
6325147
4326751
4726153
7326154
4326175
4327156
4326157
4325761
4725163
7325164
4327165
4325176
4325167
4561372
7561324
4761325
4571326
4561327
4521673
7521634
4721635
4521736
4521637
6527341
6521374
6721345
7521346
6521347
4671352
4621753
7621354
4621375
4721356
4621357
4571362
4521763
7521364
4721365
4521376
4521367
5326471
5726413
5326714
7326415
5327416
5326417
5671432
5621473
7621435
5721436
5621437
5327641
5721643
5321674
7321645
5321746
5321647
6327451
6721453
6321754
6321475
7321456
6321457
5327461
5721463
5321764
7321465
5321476
5321467
4326571
4726513
7326514
4326715
4327516
4326517
4671532
4621573
7621534
4621735
4721536
4621537
6327541
6721543
6321574
6321745
7321546
6321547
4327651
4721653
7321654
4321675
4321756
4327561
4721563
7321564
6325714
5326741
5342671
5742613
5372614
7342615
5342716
5342617
5642173
7642135
5742136
5642137
5762143
5362174
7362145
5372146
5362147
6342751
6742153
6372154
6342175
7342156
6342157
5342761
5742163
5372164
7342165
5342176
5342167
6345271
6745213
6347215
7345216
6345217
7345621
1345672
1745623
1375624
1347625
1345726
1345627
7645231
1645732
1645273
1675234
1647235
1745236
1645237
7365241
1365742
1765243
1365274
1367245
1375246
1365247
7346251
1346752
1746253
1376254
1346275
1347256
1346257
7345261
1345762
1745263
1375264
1347265
1345276
1345267
6542371
6742315
7542316
6542317
7546321
1546372
1546723
1576324
1746325
1547326
1546327
7542631
1547632
1542673
1572634
1742635
1542736
1542637
7562341
1567342
1562743
1562374
1762345
1572346
1562347
7642351
1647352
1642753
1672354
1642375
1742356
1642357
7542361
1547362
1542763
1572364
1742365
1542376
1542367
6352471
6752413
6372415
7352416
6352417
7356421
1356472
1756423
1356724
1376425
1357426
1356427
7652431
1657432
1652473
1652734
1672435
1752436
1652437
7352641
1357642
1752643
1352674
1372645
1352746
1352647
7362451
1367452
1762453
1362754
1362475
1372456
1362457
7352461
1357462
1752463
1352764
1372465
1352476
1352467
6342571
6742513
6372514
6342715
7342516
6342517
7346521
1346572
1746523
1376524
1346725
1347526
1346527
7642531
1647532
1642573
1672534
1642735
1742536
1642537
7362541
1367542
1762543
1362574
1362745
1372546
1362547
7342651
1347652
1742653
1372654
1342675
1342756
1342657
7342561
1347562
1742563
1372564
1342765
1342576
1342567
1645723
1365724
1546732
1562734
1356742
1652743
5423671
5723614
7423615
5423716
5423617
5673142
5627143
5623174
7623145
5723146
5623147
6423751
6723154
6423175
7423156
6423157
5423761
5723164
7423165
5423176
5423167
6453271
6753214
6473215
7453216
6453217
7453621
1453672
1457623
1753624
1473625
1453726
1453627
7456231
1456732
1456273
1756234
1476235
1457236
1456237
7653241
1653742
1657243
1653274
1673245
1753246
1653247
7463251
1463752
1467253
1763254
1463275
1473256
1463257
7453261
1453762
1457263
1753264
1473265
1453276
1453267
6425371
6725314
6427315
7425316
6425317
7465321
1465372
1465723
1765324
1467325
1475326
1465327
7425631
1475632
1425673
1725634
1427635
1425736
1425637
7625341
1675342
1625743
1625374
1627345
1725346
1625347
7426351
1476352
1426753
1726354
1426375
1427356
1426357
7425361
1475362
1425763
1725364
1427365
1425376
1425367
6523471
6723415
7523416
6523417
7563421
1563472
1567423
1563724
1763425
1573426
1563427
7526431
1576432
1526473
1526734
1726435
1527436
1526437
7523641
1573642
1527643
1523674
1723645
1523746
1523647
7623451
1673452
1627453
1623754
1623475
1723456
1623457
7523461
1573462
1527463
1523764
1723465
1523476
1523467
6423571
6723514
6423715
7423516
6423517
7463521
1463572
1467523
1763524
1463725
1473526
1463527
7426531
1476532
1426573
1726534
1426735
1427536
1426537
7623541
1673542
1627543
1623574
1623745
1723546
1623547
7423651
1473652
1427653
1723654
1423675
1423756
1423657
7423561
1473562
1427563
1723564
1423765
1423576
1423567
1456723
1653724
1465732
1625734
1563742
1526743
5324671
5724613
5327614
7324615
5324716
5324617
5674132
5624173
7624135
5724136
5624137
5726143
5326174
7326145
5327146
6324751
6724153
6327154
6324175
7324156
6324157
5324761
5724163
7324165
6354271
6754213
6374215
7354216
6354217
7354621
1354672
1754623
1357624
1374625
1354726
1354627
7654231
1654732
1654273
1657234
1674235
1754236
1654237
7356241
1756243
1356274
1376245
1357246
1356247
7364251
1364752
1764253
1367254
1364275
1374256
1364257
7354261
1354762
1754263
1357264
1374265
1354276
1354267
6524371
6724315
7524316
6524317
7564321
1564372
1564723
1567324
1764325
1574326
1564327
7524631
1574632
1524673
1527634
1724635
1524736
1524637
7526341
1576342
1526374
1726345
1527346
1526347
7624351
1674352
1624753
1627354
1624375
1724356
1624357
7524361
1574362
1524763
1527364
1724365
1524376
1524367
6325471
6725413
6327415
7325416
7365421
1365472
1765423
1367425
1375426
1365427
7625431
1675432
1625473
1627435
1725436
1625437
7325641
1375642
1725643
1325674
1327645
1325746
1325647
7326451
1376452
1726453
1326754
1326475
1327456
1326457
1375462
1725463
1325764
1327465
6324571
6724513
7324516
7364521
1364572
1764523
1367524
1364725
1374526
1364527
7624531
1674532
1624573
1627534
1624735
1724536
1624537
1376542
1726543
1326574
1327546
1374652
1724653
1324675
1324756
1374562
1724563
1654723
1564732
7546231
1546273
1576234
1746235
1547236
1546237
1547263
7456321
1456372
1756324
1476325
1457326
1456327
1457362
1547623
1457632
1647523
1647253
1467532
1467352
1657423
1567432
4235671
4735612
4275613
7235614
4237615
4235716
4235617
4635172
7635124
4637125
4735126
4635127
4765132
4265173
7265134
4267135
4275136
4265137
6235741
6735142
6275143
6235174
6237145
7235146
6235147
4236751
4736152
4276153
7236154
4236175
4237156
4236157
4235761
4735162
4275163
7235164
4237165
4235176
4235167
4531672
7531624
4731625
4531726
4531627
6537241
6571243
6531274
6731245
7531246
6531247
4631752
7631254
4631275
4731256
4631257
4531762
7531264
4731265
4651372
7651324
4671325
4751326
4751632
4251673
7251634
4271635
4251736
4251637
6257341
6751342
6251374
6271345
7251346
6251347
4761352
4261753
7261354
4261375
4271356
4261357
4251763
7251364
4271365
5236471
5736412
5276413
5236714
7236415
5237416
5236417
5631472
7631425
5731426
5631427
5761432
5261473
7261435
5271436
5261437
5237641
5731642
5271643
5231674
7231645
5231746
5231647
6237451
6731452
6271453
6231754
6231475
7231456
6231457
5237461
5731462
5271463
5231764
7231465
5231476
5231467
4236571
4736512
4276513
7236514
4236715
4237516
4236517
4631572
7631524
4731526
4261573
7261534
4271536
6237541
6731542
6271543
6231574
6231745
7231546
6231547
4237651
7231654
4231675
4231756
4237561
7231564
6235714
5236741
5432671
5732614
7432615
5432716
5432617
5637142
5672143
5632174
7632145
5732146
5632147
6432751
6732154
6432175
7432156
6432157
5432761
5732164
7432165
6435271
6735214
6437215
7435216
6435217
7435621
1435672
1475623
1735624
1437625
1435726
1435627
7465231
1465273
1765234
1467235
1475236
1465237
7635241
1635742
1675243
1635274
1637245
1735246
1635247
7436251
1436752
1476253
1736254
1436275
1437256
1436257
7435261
1435762
1475263
1735264
1437265
1435276
1435267
6452371
6752314
6472315
7452316
7452631
1452673
1752634
1472635
1452736
1452637
7652341
1657342
1652374
1672345
1752346
1652347
7462351
1462753
1762354
1462375
1472356
1462357
1452763
1752364
1472365
6532471
6732415
7532416
6532417
7536421
1536472
1576423
1536724
1736425
1537426
1536427
7562431
1562473
1762435
1572436
1562437
7532641
1537642
1572643
1532674
1732645
1532746
1532647
7632451
1637452
1672453
1632754
1632475
1732456
1632457
7532461
1537462
1572463
1532764
1732465
1532476
1532467
6432571
6732514
7432516
7436521
1436572
1476523
1736524
1436725
1437526
1436527
1462573
1762534
1472536
7632541
1637542
1672543
1632574
1632745
1732546
1632547
1437652
1732654
1432675
1432756
1437562
1732564
1635724
1536742
5243671
5743612
5273614
7243615
5243716
5243617
5643172
7643125
5743126
5763142
5267143
5263174
7263145
5273146
5263147
6243751
6743152
6273154
6243175
7243156
6243157
5243761
5273164
7243165
6543271
6743215
7543216
7543621
1543672
1573624
1743625
1543726
1543627
7563241
1567243
1563274
1763245
1573246
1563247
7643251
1643752
1673254
1643275
1743256
1643257
1543762
1573264
1743265
6245371
6745312
6275314
6247315
7245316
6245317
7645321
1645372
1675324
1647325
1745326
1645327
7245631
1745632
1245673
1275634
1247635
1245736
1245637
7265341
1765342
1265743
1265374
1267345
1275346
1265347
7246351
1746352
1246753
1276354
1246375
1247356
1246357
7245361
1745362
1245763
1275364
1247365
1245376
1245367
6253471
6753412
6273415
7253416
6253417
7653421
1653472
1673425
1753426
1653427
7256431
1756432
1256473
1256734
1276435
1257436
1256437
7253641
1753642
1257643
1253674
1273645
1253746
1253647
7263451
1763452
1267453
1263754
1263475
1273456
1263457
7253461
1753462
1257463
1253764
1273465
1253476
1253467
6243571
6273514
7243516
1643572
1673524
1743526
7246531
1746532
1246573
1276534
1246735
1247536
1246537
7263541
1763542
1267543
1263574
1263745
1273546
1263547
1247653
1273654
1243675
1243756
1247563
1273564
1265734
1256743
5234671
5734612
5274613
5237614
7234615
5234716
5234617
5634172
7634125
5734126
5264173
7264135
5274136
5236174
7236145
5237146
6234751
6734152
6274153
6237154
6234175
7234156
6234157
5234761
7234165
6534271
6734215
7534216
7534621
1534672
1574623
1537624
1734625
1534726
1534627
1564273
1764235
1574236
1536274
1736245
1537246
7634251
1634752
1674253
1637254
1634275
1734256
1634257
1534762
1734265
6254371
6274315
7254316
1654372
1674325
1754326
7254631
1754632
1254673
1257634
1274635
1254736
1254637
1256374
1276345
1257346
7264351
1764352
1264753
1267354
1264375
1274356
1264357
1254763
1274365
6235471
6237415
7235416
1635472
1637425
1735426
1265473
1267435
1275436
7235641
1735642
1275643
1235674
1237645
1235746
1235647
7236451
1736452
1276453
1236754
1236475
1237456
1236457
1235764
1237465
6234571
7234516
1634572
1734526
1264573
1274536
1236574
1237546
1234675
1234756
