43521
35421
45321
54312
34521
53421
54231
53412
42531
24531
34251
45231
25431
35412
43251
54213
35241
43512
23451
25413
43152
23541
34512
24351
25341
32451
52413
32541
42351
45213
54132
53142
24513
34152
35214
45132
53214
23514
45123
24153
31452
31542
25314
32514
54123
42153
52314
53124
41532
51432
25143
51423
41352
35124
52143
34215
31524
41523
51342
14532
23415
43125
25134
23154
41253
24315
21453
32415
52134
13452
15423
13542
14352
51324
24135
31425
51243
31254
21534
42135
13524
14253
15324
51234
41325
15243
23145
41235
13425
15234
12453
31245
14235
12534
