2143657
2143765
2143576
2143567
2156347
2157364
2154376
2154367
2165437
2175463
2135476
2135467
2167534
2164735
2164537
2176543
2136745
2136547
2174653
2137654
2134657
2174563
2137564
2134765
2134576
2134567
5637124
6537214
4561237
4571263
5462137
5472163
5674123
4671523
6472513
6574213
3412657
3412765
3412576
3412567
3516247
3517264
3514276
3514267
3615427
3715462
3215476
3215467
3617524
3614725
3614527
3716542
3216745
3216547
3714652
3217654
3214657
3714562
3217564
3214765
3214576
3214567
5267134
6257314
4321657
4321765
4321576
4321567
5326147
5327164
5324176
5324167
6325417
7325461
1325476
1325467
6327514
6324715
6324517
7326541
1326745
1326547
7324651
1327654
1324657
7324561
1327564
1324765
1324576
1324567
1567234
1657324
4531276
4531267
4651327
4751362
4251376
4251367
4631725
4631527
4761532
4261735
4261537
4731652
4271653
4231657
4731562
4271563
4231765
4231576
4231567
5432176
5432167
6452317
7452361
1452376
1452367
6432715
6432517
7462531
1462735
1462537
7432651
1472653
1432657
7432561
1472563
1432765
1432576
1432567
5643127
5743162
5243176
5243167
6543217
7543261
1543276
1543267
6743512
6243715
6243517
7643521
1643725
1643527
7243651
1743652
1243657
7243561
1743562
1243765
1243576
1243567
5634127
5764132
5264137
5736142
5276143
5236147
5734162
5274163
5237164
5234176
5234167
6534217
7564231
1564237
7536241
1576243
1536247
7534261
1574263
1537264
1534276
1534267
6754312
6254317
7654321
1654327
7256341
1756342
1256347
7254361
1754362
1257364
1254376
1254367
6735412
6275413
6235417
7635421
1675423
1635427
7265431
1765432
1265437
7235461
1735462
1275463
1235476
1235467
6734512
6274513
6237514
6234715
6234517
7634521
1674523
1637524
1634725
1634527
7264531
1764532
1267534
1264735
1264537
7236541
1736542
1276543
1236745
1236547
7234651
1734652
1274653
1237654
1234657
7234561
1734562
1274563
1237564
1234765
1234576
1234567
