654321
653421
645231
564312
563412
625431
643251
546213
526413
632541
465132
463152
632451
624351
623541
623451
456123
532614
361542
523614
426153
361452
351624
543216
165432
216543
432165
453126
156423
532416
524316
164352
163542
216453
321654
423165
523416
163452
215634
341265
425136
153624
351426
146253
432156
154326
126543
214365
215436
213654
321546
321465
132654
423156
143265
153426
126453
341256
145236
125634
214356
213546
213465
321456
132546
132465
143256
124365
125436
123654
213456
132456
124356
123546
123465
123456
