1234567
1234576
1234657
1234675
1234756
1235467
1235476
1235647
1235674
1235746
1236457
1236475
1237456
1243567
1243576
1243657
1243675
1243756
1245367
1245376
1245637
1245673
1245736
1246357
1246375
1247356
1253467
1253476
1253647
1253674
1253746
1263457
1263475
1273456
1324567
1324576
1324657
1324675
1324756
1325467
1325476
1325647
1325674
1325746
1326457
1326475
1327456
1342567
1342576
1342657
1342675
1342756
1345267
1345276
1345627
1345672
1345726
1346257
1346275
1347256
1352467
1352476
1352647
1352674
1352746
1362457
1362475
1372456
1423567
1423576
1423657
1423675
1423756
1425367
1425376
1425637
1425673
1425736
1426357
1426375
1427356
1523467
1523476
1523647
1523674
1523746
1623457
1623475
1723456
2134567
2134576
2134657
2134675
2134756
2135467
2135476
2135647
2135674
2135746
2136457
2136475
2137456
2143567
2143576
2143657
2143675
2143756
2145367
2145376
2145637
2145673
2145736
2146357
2146375
2147356
2153467
2153476
2153647
2153674
2153746
2163457
2163475
2173456
2314567
2314576
2314657
2314675
2314756
2315467
2315476
2315647
2315674
2315746
2316457
2316475
2317456
2341567
2341576
2341657
2341675
2341756
2345167
2345176
2345617
2345671
2345716
2346157
2346175
2347156
2351467
2351476
2351647
2351674
2351746
2361457
2361475
2371456
2413567
2413576
2413657
2413675
2413756
2415367
2415376
2415637
2415673
2415736
2416357
2416375
2417356
2513467
2513476
2513647
2513674
2513746
2613457
2613475
2713456
3124567
3124576
3124657
3124675
3124756
3125467
3125476
3125647
3125674
3125746
3126457
3126475
3127456
3142567
3142576
3142657
3142675
3142756
3145267
3145276
3145627
3145672
3145726
3146257
3146275
3147256
3152467
3152476
3152647
3152674
3152746
3162457
3162475
3172456
4123567
4123576
4123657
4123675
4123756
4125367
4125376
4125637
4125673
4125736
4126357
4126375
4127356
5123467
5123476
5123647
5123674
5123746
6123457
6123475
7123456
