123456
123465
123546
123564
123645
124356
124365
124536
124563
124635
125346
125364
126345
132456
132465
132546
132564
132645
134256
134265
134526
134562
134625
135246
135264
136245
142356
142365
142536
142563
142635
152346
152364
162345
213456
213465
213546
213564
213645
214356
214365
214536
214563
214635
215346
215364
216345
231456
231465
231546
231564
231645
234156
234165
234516
234561
234615
235146
235164
236145
241356
241365
241536
241563
241635
251346
251364
261345
312456
312465
312546
312564
312645
314256
314265
314526
314562
314625
315246
315264
316245
412356
412365
412536
412563
412635
512346
512364
612345
