12345678
12345687
12345768
12345786
12345867
12346578
12346587
12346758
12346785
12346857
12347568
12347586
12348567
12354678
12354687
12354768
12354786
12354867
12356478
12356487
12356748
12356784
12356847
12357468
12357486
12358467
12364578
12364587
12364758
12364785
12364857
12374568
12374586
12384567
12435678
12435687
12435768
12435786
12435867
12436578
12436587
12436758
12436785
12436857
12437568
12437586
12438567
12453678
12453687
12453768
12453786
12453867
12456378
12456387
12456738
12456783
12456837
12457368
12457386
12458367
12463578
12463587
12463758
12463785
12463857
12473568
12473586
12483567
12534678
12534687
12534768
12534786
12534867
12536478
12536487
12536748
12536784
12536847
12537468
12537486
12538467
12634578
12634587
12634758
12634785
12634857
12734568
12734586
12834567
13245678
13245687
13245768
13245786
13245867
13246578
13246587
13246758
13246785
13246857
13247568
13247586
13248567
13254678
13254687
13254768
13254786
13254867
13256478
13256487
13256748
13256784
13256847
13257468
13257486
13258467
13264578
13264587
13264758
13264785
13264857
13274568
13274586
13284567
13425678
13425687
13425768
13425786
13425867
13426578
13426587
13426758
13426785
13426857
13427568
13427586
13428567
13452678
13452687
13452768
13452786
13452867
13456278
13456287
13456728
13456782
13456827
13457268
13457286
13458267
13462578
13462587
13462758
13462785
13462857
13472568
13472586
13482567
13524678
13524687
13524768
13524786
13524867
13526478
13526487
13526748
13526784
13526847
13527468
13527486
13528467
13624578
13624587
13624758
13624785
13624857
13724568
13724586
13824567
14235678
14235687
14235768
14235786
14235867
14236578
14236587
14236758
14236785
14236857
14237568
14237586
14238567
14253678
14253687
14253768
14253786
14253867
14256378
14256387
14256738
14256783
14256837
14257368
14257386
14258367
14263578
14263587
14263758
14263785
14263857
14273568
14273586
14283567
15234678
15234687
15234768
15234786
15234867
15236478
15236487
15236748
15236784
15236847
15237468
15237486
15238467
16234578
16234587
16234758
16234785
16234857
17234568
17234586
18234567
21345678
21345687
21345768
21345786
21345867
21346578
21346587
21346758
21346785
21346857
21347568
21347586
21348567
21354678
21354687
21354768
21354786
21354867
21356478
21356487
21356748
21356784
21356847
21357468
21357486
21358467
21364578
21364587
21364758
21364785
21364857
21374568
21374586
21384567
21435678
21435687
21435768
21435786
21435867
21436578
21436587
21436758
21436785
21436857
21437568
21437586
21438567
21453678
21453687
21453768
21453786
21453867
21456378
21456387
21456738
21456783
21456837
21457368
21457386
21458367
21463578
21463587
21463758
21463785
21463857
21473568
21473586
21483567
21534678
21534687
21534768
21534786
21534867
21536478
21536487
21536748
21536784
21536847
21537468
21537486
21538467
21634578
21634587
21634758
21634785
21634857
21734568
21734586
21834567
23145678
23145687
23145768
23145786
23145867
23146578
23146587
23146758
23146785
23146857
23147568
23147586
23148567
23154678
23154687
23154768
23154786
23154867
23156478
23156487
23156748
23156784
23156847
23157468
23157486
23158467
23164578
23164587
23164758
23164785
23164857
23174568
23174586
23184567
23415678
23415687
23415768
23415786
23415867
23416578
23416587
23416758
23416785
23416857
23417568
23417586
23418567
23451678
23451687
23451768
23451786
23451867
23456178
23456187
23456718
23456781
23456817
23457168
23457186
23458167
23461578
23461587
23461758
23461785
23461857
23471568
23471586
23481567
23514678
23514687
23514768
23514786
23514867
23516478
23516487
23516748
23516784
23516847
23517468
23517486
23518467
23614578
23614587
23614758
23614785
23614857
23714568
23714586
23814567
24135678
24135687
24135768
24135786
24135867
24136578
24136587
24136758
24136785
24136857
24137568
24137586
24138567
24153678
24153687
24153768
24153786
24153867
24156378
24156387
24156738
24156783
24156837
24157368
24157386
24158367
24163578
24163587
24163758
24163785
24163857
24173568
24173586
24183567
25134678
25134687
25134768
25134786
25134867
25136478
25136487
25136748
25136784
25136847
25137468
25137486
25138467
26134578
26134587
26134758
26134785
26134857
27134568
27134586
28134567
31245678
31245687
31245768
31245786
31245867
31246578
31246587
31246758
31246785
31246857
31247568
31247586
31248567
31254678
31254687
31254768
31254786
31254867
31256478
31256487
31256748
31256784
31256847
31257468
31257486
31258467
31264578
31264587
31264758
31264785
31264857
31274568
31274586
31284567
31425678
31425687
31425768
31425786
31425867
31426578
31426587
31426758
31426785
31426857
31427568
31427586
31428567
31452678
31452687
31452768
31452786
31452867
31456278
31456287
31456728
31456782
31456827
31457268
31457286
31458267
31462578
31462587
31462758
31462785
31462857
31472568
31472586
31482567
31524678
31524687
31524768
31524786
31524867
31526478
31526487
31526748
31526784
31526847
31527468
31527486
31528467
31624578
31624587
31624758
31624785
31624857
31724568
31724586
31824567
41235678
41235687
41235768
41235786
41235867
41236578
41236587
41236758
41236785
41236857
41237568
41237586
41238567
41253678
41253687
41253768
41253786
41253867
41256378
41256387
41256738
41256783
41256837
41257368
41257386
41258367
41263578
41263587
41263758
41263785
41263857
41273568
41273586
41283567
51234678
51234687
51234768
51234786
51234867
51236478
51236487
51236748
51236784
51236847
51237468
51237486
51238467
61234578
61234587
61234758
61234785
61234857
71234568
71234586
81234567
